    4.3012   19.2918         0
    4.9924   17.3487    1.0000
    4.8390   19.1969         0
    4.6277   15.2129    1.0000
    6.9883   13.8126         0
    4.0318   22.9875    1.0000
    4.7671   24.9898    1.0000
    4.1383   30.5168    1.0000
    4.0783   21.0492         0
    5.5510    3.4934         0
    5.2480   10.6191    1.0000
    6.0662   12.9709         0
    6.2937   12.6703         0
    3.6620   30.1324    1.0000
    3.9436   17.1849    1.0000
    4.0794    2.4101         0
    5.0460   16.0930    1.0000
    4.9830   23.4134    1.0000
    5.8543   20.4129         0
    3.9459   10.0246    1.0000
    4.1925    4.4687         0
    5.8945    3.2987         0
    4.8136   30.0784    1.0000
    5.5887   16.4216    1.0000
    4.9852    3.9860         0
    3.7555   16.4125    1.0000
    6.2046    3.4170         0
    3.7714   16.3423    1.0000
    4.4731    4.0699         0
    7.8688    9.9861    1.0000
    4.6061   12.9619         0
    4.6767    4.5298         0
    5.4650   30.0836    1.0000
    5.0197   17.7884    1.0000
    4.8011   26.6141         0
    5.6721   19.8317         0
    4.8836   30.0651    1.0000
    6.0229    9.3169    1.0000
    4.2203   12.8751         0
    5.5906    3.1382         0
    5.3282   23.4440    1.0000
    3.9180   30.4401    1.0000
    6.3409   17.7006    1.0000
    2.6112   14.6828         0
    5.1118    9.7095    1.0000
    3.5284   20.7189         0
    4.1109   29.6015    1.0000
    4.9782    8.4534    1.0000
    3.9422    9.6716    1.0000
    4.6892   13.4442         0
    3.7908   10.5284    1.0000
    4.5358   23.2414    1.0000
    2.7299   30.2477    1.0000
    4.0476   10.4678    1.0000
    5.8861   16.3144    1.0000
    6.3841    3.8489         0
    3.8079    2.5569         0
    5.7058   15.7468    1.0000
    4.1674   26.9736         0
    4.3902   26.8138         0
    4.9867   16.0193    1.0000
    5.8201    4.0288         0
    5.3052   16.2146    1.0000
    4.9279   26.4396         0
    5.5662   30.5295    1.0000
    5.3047   13.1252         0
    4.5252   10.8092    1.0000
    3.9665    2.7854         0
    4.8522   12.8167         0
    5.4613   17.6251    1.0000
    6.4134   21.3615         0
    5.2860   20.2326         0
    3.9057   17.1443    1.0000
    5.6971    2.0991         0
    4.9816   26.6856         0
    6.6070   22.8736    1.0000
    5.0970   16.3411    1.0000
    4.5522    8.9483    1.0000
    6.3264   30.3045    1.0000
    2.9508   16.0092    1.0000
    5.0592   27.5423         0
    6.3090   29.1358    1.0000
    2.5826   19.2761         0
    2.6617   19.9466         0
    4.6636   23.1815    1.0000
    4.6508   20.6261         0
    3.7823   10.4373    1.0000
    5.5000    9.5785    1.0000
    4.8825   10.9559    1.0000
    5.3427   28.1570         0
    4.8176   20.7278         0
    3.1709   18.1694    1.0000
    3.8390   27.2420         0
    4.3737    9.6558    1.0000
    5.3641   10.4318    1.0000
    4.5928   26.8460         0
    4.4865   27.5711         0
    6.6436   13.1436         0
    5.4980   16.1309    1.0000
    5.6563    3.4964         0
    6.0607   24.4179    1.0000
    5.6381   25.6373         0
    5.1554    3.2563         0
    5.2477   13.0605         0
    4.4907   13.5163         0
    4.6559   26.9644         0
    5.5766   29.8169    1.0000
    3.9606   18.9793         0
    6.1947   11.6548         0
    5.3988    9.5231    1.0000
    6.2578   15.7565    1.0000
    5.3115   20.4650         0
    6.4904   30.6897    1.0000
    4.3065    3.0602         0
    5.1784    3.5044         0
    5.7584   20.0077         0
    3.6724   24.7759    1.0000
    6.3415   23.4972    1.0000
    4.6419   19.7254         0
    3.0067    3.2614         0
    5.6958   10.3663    1.0000
    6.3905   28.1911         0
    4.6812   22.0289    1.0000
    2.7190   19.4206         0
    5.2112    9.4793    1.0000
    5.5017   19.3613         0
    5.8545   19.3290         0
    3.7440   29.0177    1.0000
    5.8301   19.8703         0
    4.4149   20.2652         0
    6.1053    3.6365         0
    3.8282   22.9064    1.0000
    4.3167   17.1589    1.0000
    5.0641   27.1118         0
    4.1762   11.0111    1.0000
    4.5128   26.6712         0
    3.2363   24.0444    1.0000
    3.7867   26.0903         0
    7.5193   29.9561    1.0000
    6.0249   23.7760    1.0000
    4.2201    9.4307    1.0000
    4.3208   26.8248         0
    5.4232    2.8953         0
    4.0060   11.1797    1.0000
    4.8783   13.0264         0
    5.3416   17.0745    1.0000
    6.5056   23.1102    1.0000
    3.9039   23.0393    1.0000
    5.3288   17.4539    1.0000
    6.1907   30.9102    1.0000
    5.4836   26.5823         0
    4.7885   13.7186         0
    3.6140   30.4455    1.0000
    3.9354   19.9748         0
    4.4375   29.2598    1.0000
    7.0305   18.6763         0
    6.1615   13.0896         0
    6.1856   23.2801    1.0000
    3.7540   27.0637         0
    6.3189   30.2496    1.0000
    4.5000   29.7046    1.0000
    4.9015    3.7874         0
    3.9880   13.4504         0
    7.3699   10.0112    1.0000
    5.0987   29.5841    1.0000
    7.6002   28.0179         0
    3.2834   23.5368    1.0000
    5.6171   13.2440         0
    3.3735   12.7418         0
    2.6667   22.5412    1.0000
    4.8424   26.7769         0
    3.9682   23.5488    1.0000
    4.4424   24.3609    1.0000
    5.7811   20.7609         0
    6.6457    2.3891         0
    5.6514   28.1850         0
    6.5379   13.6887         0
    6.4043   22.8364    1.0000
    5.2854   29.3918    1.0000
    4.7522   11.8405         0
    3.7511   12.7299         0
    4.6355    9.0556    1.0000
    4.6894   19.8510         0
    3.9339   13.1425         0
    4.8524   22.5333    1.0000
    4.1737   31.1231    1.0000
    4.4604   30.9339    1.0000
    5.5425   27.3882         0
    4.6302   30.4970    1.0000
    5.4062   14.1473         0
    3.5077   13.2784         0
    6.0821   16.1973    1.0000
    4.1834    2.9775         0
    5.4254   25.4468         0
    6.9669    4.0217         0
    3.8904   17.0677    1.0000
    5.6177   26.7700         0
    6.2977   22.9247    1.0000
    3.7330   10.2348    1.0000
    5.4411   23.1989    1.0000