    0.4984    5.5251    2.0000
    4.3919    6.4263    2.0000
    7.0350    2.7242    1.0000
    3.1175    3.1921         0
    3.1764    3.7286         0
    4.7657    1.7293         0
    3.7163    3.3372         0
    1.8159    5.2168         0
    7.5559    6.9581    3.0000
    5.4099    3.8852    1.0000
    6.2454    4.2007    1.0000
    3.0262    6.0958    2.0000
    6.7317    5.9335    3.0000
    1.9634    2.5529         0
    7.3063    8.0192    3.0000
    5.9246    2.5970    1.0000
    3.5499    7.3825    2.0000
    3.6191    6.7982    2.0000
    6.7739    1.1825    1.0000
    6.9385    2.3218    1.0000
    8.4545    4.6686    1.0000
    7.3706    3.3661    1.0000
    1.5613    3.9264         0
    6.3057    5.9894    3.0000
    6.1811    3.5343    1.0000
    8.3191    1.5303    1.0000
    7.4113    3.3243    1.0000
    7.9491    7.5527    3.0000
    6.9440    2.5362    1.0000
    6.0232    6.3280    3.0000
    6.3534    7.5965    3.0000
    3.5621    8.2531    2.0000
    6.3159    3.4411    1.0000
    2.3929    3.1764         0
    1.2630    3.1955         0
    6.8548    6.4997    3.0000
    2.4883    5.7517    2.0000
    2.1142    2.9813         0
    7.3720    2.3790    1.0000
    6.4769    6.6661    3.0000
    1.9630    1.6576         0
    3.5177    4.0214         0
    6.8163    2.9138    1.0000
    3.0204    2.6784         0
    7.0522    7.0545    3.0000
    3.9704    3.6904         0
    3.2813    2.3568         0
    7.4692    6.4196    3.0000
    6.8328    5.2796    3.0000
    1.1740    8.1401    2.0000
    6.6110    7.6788    3.0000
    7.2989    6.4911    3.0000
    1.6808    2.2523         0
    8.3920    3.4472    1.0000
    2.8920    8.4064    2.0000
    7.6271    8.5820    3.0000
    2.1607    7.4748    2.0000
    7.4050    3.7722    1.0000
    2.2062    3.3745         0
    6.7621    7.8659    3.0000
    3.6493    4.2729         0
    3.2228    2.8620         0
    8.6255    1.8185    1.0000
    7.2358    2.6886    1.0000
    2.9093    9.7439    2.0000
    5.9434    7.2689    3.0000
    8.0177    5.8681    3.0000
    3.3001    7.5708    2.0000
    3.3486    6.2511    2.0000
    5.8633    3.8000    1.0000
    2.1107    4.7042         0
    8.8771    2.6121    1.0000
    6.4251    7.4844    3.0000
    2.5395    3.2272         0
    7.5554    7.1026    3.0000
    3.2879    3.6289         0
    8.7292    7.8768    3.0000
    6.7334    8.7544    3.0000
    1.1057    6.7219    2.0000
    2.8932    6.8729    2.0000
    7.8686    6.6761    3.0000
    5.5905    8.4917    3.0000
    3.8768    6.1924    2.0000
    4.1966    4.1448         0
    4.4894    4.5381         0
    6.2629    4.0798    1.0000
    0.7909    3.0207         0
    5.6321    7.7240    3.0000
    4.1881    6.4343    2.0000
    7.0200    2.0948    1.0000
    3.7178    6.4228    2.0000
    7.9374    2.5518    1.0000
    4.7709    8.1704    2.0000
    6.3427    5.5273    3.0000
    1.2685    8.1756    2.0000
    2.6358    6.2905    2.0000
    6.6992    7.4514    3.0000
    3.5005    7.5269    2.0000
    0.9123    7.0527    2.0000
    3.8961    6.4589    2.0000
    3.5634    7.0004    2.0000
    2.9626    7.2824    2.0000
    7.2557    4.6530    1.0000
    5.4399    7.7176    2.0000
    7.4776    7.9517    3.0000
    8.8518    4.2522    1.0000
    1.9729    6.6267    2.0000
    4.3462    7.8834    2.0000
    7.5183    8.3115    3.0000
    2.8196    7.6669    2.0000
    3.3251    1.5715         0
    6.4602    3.8295    1.0000
    2.6244    5.1874    2.0000
    3.1748    7.6695    2.0000
    5.6639    7.2926    3.0000
    2.4810    2.6751         0
    1.9568    7.4402    2.0000
    7.7578    2.3776    1.0000
    5.7624    6.9453    3.0000
    0.9486    7.1130    2.0000
    1.3973    7.5243    2.0000
    6.8355    6.4158    3.0000
    8.3707    3.9602    1.0000
    1.8762    2.3073         0
    3.4301    7.6205    2.0000
    6.1330    3.3577    1.0000
    2.4022    5.8422    2.0000
    4.8072    3.6299         0
    6.1639    6.3513    3.0000
    1.6524    7.3210    2.0000
    2.5248    7.7648    2.0000
    6.2704    4.1381    1.0000
    2.6649    3.1064         0
    7.6050    6.4142    3.0000
    7.6596    6.8960    3.0000
    7.9955    3.1717    1.0000
    2.5760    6.3782    2.0000
    7.8155    6.6890    3.0000
    7.9871    7.0516    3.0000
    3.1145    7.8400    2.0000
    7.0137    6.2153    3.0000
    7.4353    3.7245    1.0000
    6.4342    8.3192    3.0000
    2.6223    3.9571         0
    8.1518    3.0883    1.0000
    3.6387    3.1026         0
    2.6590    7.2239    2.0000
    9.0487    4.8265    1.0000
    7.9299    2.0548    1.0000
    3.7391    3.4822         0
    3.0415    6.1035    2.0000
    3.2225    7.2904    2.0000
    4.6187    4.1598         0
    2.5069    5.1722    2.0000
    6.4865    5.0404    3.0000
    2.1317    6.8746    2.0000
    4.6825    1.7441         0
    7.4193    4.9977    1.0000
    6.4824    4.1701    1.0000
    2.3779    7.1615    2.0000
    3.8140    1.7240         0
    8.2036    3.5188    1.0000
    2.4279    3.1758         0
    3.4524    6.6239    2.0000
    8.5071    7.5905    3.0000
    3.2338    6.6824    2.0000
    3.8812    7.9126    2.0000
    1.5468    1.6708         0
    5.9574    8.7387    3.0000
    7.3671    6.3000    3.0000
    6.6089    6.5405    3.0000
    4.3528    3.9179         0
    7.2186    6.8751    3.0000
    2.4145    2.8940         0
    6.7598    7.1519    3.0000
    6.2859    0.6275    1.0000
    6.8968    8.8007    3.0000
    1.5247    2.8597         0
    4.6006    6.0020    2.0000
    9.7201    2.9609    1.0000
    5.0823    4.0011    1.0000
    2.5119    3.4131         0
    2.1117    1.8374         0
    4.8795    3.4983         0
    1.6625    4.6375         0
    2.7638    4.2580         0
    1.9203    1.1245         0
    4.0397    3.1426         0
    3.0705    6.9552    2.0000
    1.9237    1.5087         0
    2.2480    2.1780         0
    2.6677    3.9983         0
    6.4499    2.6973    1.0000
    5.8184    4.2869    1.0000
    1.2056    4.5046         0
    1.4995    8.6807    2.0000
    6.6634    7.8526    3.0000
    2.6526    2.8015         0
    6.4526    1.5518    1.0000
    7.1868    3.1698    1.0000
    6.7536    1.6797    1.0000
    7.5249    6.3590    3.0000
    6.3720    6.1240    3.0000
    3.5793    4.9238    2.0000
    5.3309    4.4960    1.0000
    7.5909    8.6891    3.0000
    8.2350    7.7328    3.0000
    6.7243    3.0103    1.0000
    5.8175    3.9845    1.0000
    6.7942    2.7098    1.0000
    7.8783    9.0199    3.0000
    6.8183    7.0456    3.0000
    6.3146    6.6206    3.0000
    3.4904    8.1659    2.0000
    7.5283    7.3825    3.0000
    7.6524    2.8841    1.0000
    8.3026    2.2888    1.0000
    2.0268    8.2027    2.0000
    1.6087    5.9167    2.0000
    5.8791    7.5406    3.0000
    5.9837    8.2167    3.0000
    0.9354    6.1670    2.0000
    4.1362    4.4875         0
    2.5230    7.0683    2.0000
    5.7490    3.4930    1.0000
    3.2318    6.8395    2.0000
    4.7696    7.9379    2.0000
    1.6006    1.8285         0
    2.5572    4.8012    2.0000
    4.2347    7.5018    2.0000
    3.8286    5.4657    2.0000
    7.6915    7.6363    3.0000
    7.4166    7.4866    3.0000
    3.9776    3.1704         0
    5.6764    6.3113    3.0000
    2.9039    6.0521    2.0000
    5.4987    2.4626    1.0000
    3.4644    5.2506    2.0000
    2.6489    4.1051         0
    1.9351    5.9754    2.0000
    2.3361    1.7851         0
    8.6717    7.4840    3.0000
    2.2502    7.0880    2.0000
    7.3349    3.2525    1.0000
    2.0034    7.1141    2.0000
    2.5592    4.4203         0
    2.2794    7.0681    2.0000
    3.2578    2.9713         0
    8.3384    7.0745    3.0000
    1.6611    6.8069    2.0000
    4.2296    3.6982         0
    7.0869    6.3500    3.0000
    2.7983    7.3173    2.0000
    2.6830    2.6849         0
    6.8714    7.3345    3.0000
    5.8114    5.6029    3.0000
    1.8644    8.6413    2.0000
    5.8997    7.5876    3.0000
    6.3406    2.2948    1.0000
    8.7145    7.9593    3.0000
    3.1801    1.1831         0
    3.4090    4.9039         0
    2.0082    4.7011         0
    6.2993    7.3721    3.0000
    7.5728    2.2913    1.0000
    7.6870    4.3440    1.0000
    4.9806    3.1648         0
    8.5390    2.3143    1.0000
    3.3077    7.1039    2.0000
    7.0919    2.4483    1.0000
    5.8175    6.8040    3.0000
    7.6723    2.1653    1.0000
    2.1653    2.4477         0
    2.3481    3.7760         0
    7.3381    6.9111    3.0000
    5.6210    5.2169    3.0000
    6.8618    3.1564    1.0000
    2.7999    4.2034         0
    7.1577    7.4818    3.0000
    3.2490    3.4623         0
    7.3892    5.6613    3.0000
    3.0038    6.4629    2.0000
    4.0798    3.0891         0
    5.6597    0.6963    1.0000
    4.1495    7.8345    2.0000
    6.9054    3.0339    1.0000
    7.1997    2.5042    1.0000
    3.2543    6.1887    2.0000
    5.9882    7.0059    3.0000
    2.1553    3.3771         0
    2.7964    2.2706         0
    3.8487    5.9752    2.0000
    3.7301    1.1780         0
    2.9247    7.6787    2.0000
    1.7001    4.4773         0
    6.2842    3.2515    1.0000
    8.5505    3.7718    1.0000
    2.3150    5.4434         0
    4.4399    8.2706    3.0000
    7.4461    3.2682    1.0000
    2.0892    8.0496    2.0000
    2.4520    3.7997         0
    6.7492    2.9104    1.0000
    3.0129    8.6743    2.0000
    2.3688    3.0745         0
    4.7414    9.9021    2.0000
    6.8568    3.3894    1.0000
    7.7163    2.2109    1.0000
    2.9490    7.7008    2.0000
    4.2236    8.0155    3.0000
    6.9357    7.1992    3.0000
    1.3920    4.6873         0
    8.8518    7.4209    3.0000
    1.9382    5.9029    2.0000
    3.3215    6.1549    2.0000
    7.5536    2.6815    1.0000
    6.7191    3.5815    1.0000
    3.4458    3.3432         0
    5.2290    3.4247    1.0000
    7.2776    7.5948    3.0000
    8.9329    1.8964    1.0000
    6.8002    7.0601    3.0000
    3.8596    4.0760         0
    3.4668    2.4893         0
    2.5992    7.3590    2.0000
    7.8248    2.3975    1.0000
    7.0101    3.4666    1.0000
    3.7932    6.2606    2.0000
    5.9801    7.8258    3.0000
    1.2675    6.1345    2.0000
    4.8869    5.5135    3.0000
    6.7843    5.5507    3.0000
    5.0139    0.9415    1.0000
    6.4668    5.3479    3.0000
    7.6976    7.1555    3.0000
    5.8955    6.9238    3.0000
    3.8308    6.5835    3.0000
    5.9570    3.7458    1.0000
    2.3641    4.3849         0
    2.9250    3.8329         0
    7.1996    3.2342    1.0000
    2.7734    1.8755         0
    6.1301    8.3004    3.0000
    7.8152    1.9670    1.0000
    3.1431    3.3110         0
    7.4077    3.2243    1.0000
    1.8663    4.8903         0
    7.2550    6.8249    3.0000
    6.3376    3.1127    1.0000
    7.5714    1.8790    1.0000
    8.9514    3.9163    1.0000
    9.8635    6.7454    3.0000
    7.6504    2.3578    1.0000
    3.1716    6.6884    2.0000
    3.2421    2.8101         0
    3.6128    8.0908    2.0000
    5.1828    2.9356    1.0000
    3.8346    2.4276         0
    2.0829    3.6010         0
    3.2269    5.8586    2.0000
    2.6247    3.9242         0
    3.2280    7.3274    2.0000
    4.1795    5.7706    2.0000
    3.4105    3.6392         0
    5.9107    5.8185    3.0000
    8.1112    6.5574    3.0000
    2.7075    6.8328    2.0000
    3.9487    7.7140    2.0000
    3.2742    1.7771         0
    4.0527    3.3083         0
    2.8306    3.0016         0
    5.6652    5.3036    1.0000
    1.9547    1.8142         0
    7.2337    4.2597    1.0000
    7.4315    1.8156    1.0000
    1.9339    6.8623    2.0000
    7.1097    2.4408    1.0000
    7.5701    7.5407    3.0000
    3.9568    4.7213         0
    7.1405    2.0648    1.0000
    6.2327    7.9245    3.0000
    2.8548    1.7004         0
    5.4104    3.4673    1.0000
    7.8252    4.2847    1.0000
    3.4160    7.7307    2.0000
    2.2962    1.6415         0
    6.0767    2.8132         0
    7.3824    6.5099    3.0000
    5.8046    3.2352    1.0000
    7.4196    7.5825    3.0000
    7.6553    4.2937    1.0000
    3.8759    5.6858    2.0000
    3.4453    5.1187    2.0000
    7.9221    2.4943    1.0000
    2.3796    7.9427    2.0000
    5.2497    3.5240    1.0000
    5.6987    6.4684    3.0000
    6.2540    8.2009    3.0000
    7.7295    3.1412    1.0000
    6.2044    6.0698    3.0000
