    1.4056    1.8595         0
    5.1668    3.8768    1.0000
    2.5118    1.9698         0
    6.6559    2.6708    1.0000
    4.1590    3.0812         0
    5.6255    2.1547    1.0000
    3.8079    2.4186         0
    4.7009    3.2491    1.0000
    2.5027    1.7762         0
    6.4172    4.6572    1.0000
    3.9843    1.8160         0
    4.6453    4.6559    1.0000
    3.9859    1.8124         0
    5.1125    3.4384    1.0000
    2.8211    1.6444         0
    4.3224    3.6363    1.0000
    4.6965    2.7366         0
    5.9624    3.3078    1.0000
    2.5269    1.0246         0
    4.6900    2.5129    1.0000
    2.2805    1.8336         0
    5.5719    3.4526    1.0000
    2.6616    0.2152         0
    5.1027    3.6669    1.0000
    1.7800    1.7008         0
    3.7316    3.6707    1.0000
    2.1702    1.4702         0
    5.0122    3.1533    1.0000
    1.5977    0.8511         0
    4.9053    3.2359    1.0000
    5.0302    1.9303         0
    4.2357    2.7158    1.0000
    2.0398    1.9114         0
    2.8473    2.8257    1.0000
    0.1519    1.5912         0
    4.0805    3.2357    1.0000
    4.5958    1.8895         0
    5.8526    2.9106    1.0000
    4.4195    2.6087         0
    6.3279    2.7593    1.0000
    0.4819    3.0855         0
    5.5707    3.3468    1.0000
    3.1020    1.7304         0
    4.9042    3.5693    1.0000
    4.3953    1.9678         0
    4.4870    3.1141    1.0000
    2.9844    2.4860         0
    4.0772    2.4831    1.0000
    4.1635    3.1314         0
    5.3706    3.1166    1.0000
    2.4128    2.6877         0
    5.4419    2.9541    1.0000
    2.4698    1.9469         0
    5.2723    3.8278    1.0000
    3.0980    2.2513         0
    4.7206    3.5174    1.0000
    3.6322    2.6964         0
    4.7516    3.5048    1.0000
    2.7223    2.4999         0
    4.8767    3.2200    1.0000
    1.3498    1.5814         0
    5.3507    3.6459    1.0000
    3.6810    2.8007         0
    5.0530    3.9148    1.0000
    2.0176    2.0631         0
    6.6622    3.6291    1.0000
    2.6576    2.3975         0
    5.8969    2.9796    1.0000
    4.5564    2.1021         0
    4.5263    3.0818    1.0000
    2.0211    2.3048         0
    2.9850    2.2538    1.0000
    5.3966    3.1872         0
    2.6302    3.1224    1.0000
    1.8127    2.7315         0
    4.9779    2.5936    1.0000
    2.9524    1.9446         0
    5.4256    2.5996    1.0000
    2.4759    0.8967         0
    4.7264    2.7581    1.0000
    2.5902    1.6659         0
    6.3211    3.7047    1.0000
    3.5809    2.1345         0
    6.6105    3.4949    1.0000
    1.7268    2.9008         0
    5.2855    4.4618    1.0000
    2.7920    2.5393         0
    6.3163    3.7000    1.0000
    5.1175    1.5755         0
    6.6498    3.8748    1.0000
    1.4476    1.2750         0
    5.9961    3.0954    1.0000
    3.8553    1.4253         0
    4.3478    3.2777    1.0000
    2.9920    0.8524         0
    4.5032    3.1327    1.0000
    5.3066    2.4230         0
    4.2863    3.1830    1.0000
    2.2404    2.1512         0
    6.6849    5.5234    1.0000
    3.2213    1.1675         0
    6.2095    4.0499    1.0000
    1.8211    1.8455         0
    5.2894    4.5626    1.0000
    2.9427    1.3564         0
    3.4124    4.7836    1.0000
    2.3048    1.0470         0
    6.6284    2.6033    1.0000
    2.0293    1.9338         0
    5.0922    3.5240    1.0000
    1.3221    3.1442         0
    4.2339    2.6836    1.0000
    5.3148    2.0131         0
    4.6699    4.4939    1.0000
    2.6533    2.5088         0
    5.9762    3.9058    1.0000
    1.5572    2.8267         0
    5.0019    4.3456    1.0000
    0.4933    2.3713         0
    5.6609    2.7058    1.0000
    2.2290    1.1608         0
    4.9211    4.4244    1.0000
    3.6716    1.8927         0
    3.4210    3.6430    1.0000
    3.4220    1.1692         0
    5.6532    3.0212    1.0000
    4.2477    2.7065         0
    5.6736    4.0993    1.0000
    2.2254    1.7841         0
    4.7980    2.8026    1.0000
    3.6528    2.5043         0
    5.8524    3.7312    1.0000
    1.6509    2.8237         0
    4.1584    2.6221    1.0000
    2.8816    3.0241         0
    7.2462    3.3548    1.0000
    3.0572    1.3407         0
    3.9638    3.3296    1.0000
    4.2001    2.3524         0
    4.4605    4.1091    1.0000
    3.9610    2.0304         0
    4.0114    3.5097    1.0000
    3.5248    1.8730         0
    5.6019    2.3242    1.0000
    3.1547    1.6589         0
    4.8342    2.6942    1.0000
    3.3092    0.6658         0
    4.9772    2.6470    1.0000
    3.1780    1.4149         0
    3.8001    3.6854    1.0000
    1.6321    3.0089         0
    2.9614    3.0123    1.0000
    0.7432    1.4301         0
    3.7085    3.5808    1.0000
    1.2203    2.1558         0
    3.2168    3.3622    1.0000
    2.6526    2.9175         0
    5.4564    2.7238    1.0000
    3.8216    1.4641         0
    3.9230    3.2506    1.0000
    3.1283    2.2781         0
    5.1977    3.1025    1.0000
    2.3582    1.4948         0
    4.3212    3.1208    1.0000
    3.7231    2.6019         0
    6.2374    3.0265    1.0000
    3.0438    0.9971         0
    6.3195    3.9137    1.0000
    3.0809    2.4805         0
    5.3437    3.5794    1.0000
    2.5868    2.6954         0
    5.5546    4.6244    1.0000
    3.1263    1.9806         0
    3.1564    2.3002    1.0000
    3.1941    0.7841         0
    6.3907    2.4841    1.0000
    3.6510    2.9760         0
    4.5593    2.2776    1.0000
    2.8105    2.3906         0
    5.5364    4.3749    1.0000
    1.6056    2.4111         0
    4.7841    3.7965    1.0000
    3.5777    2.6287         0
    5.9432    2.8943    1.0000
    2.5418    1.5570         0
    5.1668    4.0293    1.0000
    1.2681    2.2468         0
    4.8551    4.3414    1.0000
    4.4026    1.4952         0
    4.1967    4.3943    1.0000
    2.5315    2.8848         0
    5.0518    3.2611    1.0000
    4.2299    1.5806         0
    5.2804    3.6782    1.0000
    3.5215    3.0218         0
    4.8467    3.7893    1.0000
    2.3300    1.8217         0
    5.4767    3.8366    1.0000
    2.5139    1.9794         0
    3.6888    3.4870    1.0000
