    4.4636         0
    8.5599    1.0000
    2.4495         0
    7.8675    1.0000
    3.7580         0
   10.3905    1.0000
    1.0427         0
    9.1118    1.0000
    2.1466         0
    9.4234    1.0000
    2.9105         0
    8.4534    1.0000
    1.5009         0
    6.7511    1.0000
    4.0165         0
   10.1045    1.0000
    3.2308         0
    8.8597    1.0000
    3.2803         0
    6.8450    1.0000
    3.1835         0
    8.8323    1.0000
    2.9447         0
    8.9315    1.0000
    2.2938         0
    9.3547    1.0000
    5.6672         0
    9.3989    1.0000
    3.3354         0
    8.6740    1.0000
    3.0984         0
    9.4329    1.0000
    3.9044         0
    9.7511    1.0000
    0.7379         0
    8.7813    1.0000
    3.1252         0
    9.1171    1.0000
    2.6414         0
   11.2899    1.0000
    2.7580         0
   11.5381    1.0000
    3.6455         0
    9.2465    1.0000
    2.0466         0
    7.7457    1.0000
    1.5825         0
    8.5413    1.0000
    3.4185         0
    9.6970    1.0000
    4.3447         0
   11.3723    1.0000
    2.9166         0
    9.3952    1.0000
    2.5736         0
    9.9416    1.0000
    1.7511         0
    9.1322    1.0000
    3.4080         0
    8.9869    1.0000
    2.4796         0
    9.9693    1.0000
    3.1167         0
    7.4462    1.0000
    1.6191         0
    9.0398    1.0000
    3.7429         0
    6.6733    1.0000
    2.0996         0
    9.4534    1.0000
    4.7431         0
   10.2461    1.0000
    4.8469         0
   10.6720    1.0000
    4.1101         0
    6.8998    1.0000
    2.3562         0
    6.9077    1.0000
    3.8869         0
    8.0065    1.0000
    3.3392         0
    9.3457    1.0000
    4.6920         0
    8.0311    1.0000
    4.5788         0
   10.1344    1.0000
    1.4786         0
    7.0471    1.0000
    3.0138         0
   10.2098    1.0000
    2.7356         0
    7.7035    1.0000
    3.1187         0
   10.3420    1.0000
    1.6621         0
    7.2000    1.0000
    3.4580         0
    9.3623    1.0000
    2.6361         0
    8.7663    1.0000
    2.3881         0
    8.7409    1.0000
    3.1234         0
    9.4181    1.0000
    2.7300         0
    8.2818    1.0000
    2.7333         0
    9.1023    1.0000
    3.0343         0
   10.0010    1.0000
    2.0514         0
   10.9704    1.0000
    3.0871         0
    7.8877    1.0000
    4.7293         0
    8.5285    1.0000
    1.6539         0
    8.1036    1.0000
    3.4272         0
    8.4146    1.0000
    2.4992         0
    8.5922    1.0000
    3.5253         0
    9.7347    1.0000
    4.8354         0
    9.2277    1.0000
    1.9800         0
    9.6075    1.0000
    2.1042         0
   10.7804    1.0000
    4.2464         0
    8.3772    1.0000
    4.1482         0
   10.2236    1.0000
    2.2754         0
    9.4515    1.0000
    3.4293         0
    8.3902    1.0000
    4.4465         0
    9.5026    1.0000
    2.5875         0
    8.2779    1.0000
    2.4333         0
   10.1669    1.0000
    1.0615         0
    7.2188    1.0000
    4.1961         0
   10.2079    1.0000
    1.7108         0
    9.0879    1.0000
    3.9761         0
    9.7763    1.0000
    1.3894         0
    9.5498    1.0000
    3.4527         0
   10.0256    1.0000
    4.3680         0
    7.7743    1.0000
    2.6484         0
    9.5057    1.0000
    4.3121         0
   10.2468    1.0000
    4.5542         0
   10.1900    1.0000
    3.7406         0
    6.2488    1.0000
    2.7868         0
    8.2725    1.0000
    0.5642         0
   10.0789    1.0000
    2.4336         0
    7.9319    1.0000
    3.4396         0
    7.0946    1.0000
    4.1721         0
    8.6672    1.0000
    3.9568         0
    8.5713    1.0000
    5.3952         0
    9.9387    1.0000
    2.4518         0
    9.3080    1.0000
    3.7004         0
    8.0871    1.0000
    2.9113         0
    9.5525    1.0000
    2.8019         0
    9.0085    1.0000
    3.8017         0
    9.4405    1.0000
    2.4333         0
    9.3307    1.0000
    2.3692         0
   10.1048    1.0000
    3.8499         0
    8.7107    1.0000
    3.1920         0
   10.6886    1.0000
    2.6237         0
    6.5143    1.0000
